**编译器需支持C++11标准，否则编译报错**

编译平台：Clion 2018.2.4 x86
完成时间：2018/11/1 23：17

测试数据：
--------------------------------------------
样例一
7 3
4 1
2 1
1 2
0 5
0 0
7 2
4 3
2 6
1 6
0 1
0 0
输出：5x^7+4x^4+7x^2+8x+6
--------------------------------------------
样例二
9 2
1 4
0 3
5 4
6 6
0 0
9 7
1 2
6 2
5 2
0 13
0 0
输出：9x^9+8x^6+6x^5+6x+16
--------------------------------------------
样例三
8 2
6 -5
5 2
2 10
0 9
0 0
8 -3
6 4
5 1
2 -10
0 -20
0 0
输出：-x^8-x^6+3x^5-11
--------------------------------------------
样例四
6 3
5 -7
2 2
1 6
0 11
0 0
7 3
3 -6
2 1
1 5
0 4
0 0
输出：3x^7+3x^6-7x^5-6x^3+3x^2+11x+15
--------------------------------------------
样例五
9 5
6 13
5 -5
3 2
1 3
0 6
0 0
6 -11
3 3
1 -8
0 0
输出：5x^9+2x^6-5x^5+5x^3-5x+6
--------------------------------------------
